     0/272     4.33G      3.23      10.6     0.902      14.7         8       416         0         0         0         0      2.76      4.81     0.342
     1/272     4.34G       2.8      2.13     0.192      5.12         6       416         0         0         0         0      2.75       1.1    0.0404
     2/272     4.34G      2.82     0.751    0.0165      3.58         6       416    0.0171    0.0922   0.00215    0.0288      2.68     0.568    0.0194
     3/272     4.34G      2.58     0.496   0.00896      3.09         7       416     0.155     0.636     0.294      0.25       2.3     0.466   0.00888
     4/272     4.34G      2.32     0.383    0.0114      2.71         5       416     0.184     0.825     0.655     0.301      2.15      0.37    0.0124
     5/272     4.34G      2.19     0.261    0.0189      2.47         5       416     0.349     0.963     0.851     0.512      1.97     0.243     0.016
     6/272     4.34G         2     0.262    0.0238      2.29         6       416     0.292     0.972     0.753      0.45      1.77     0.364    0.0234
     7/272     4.34G      1.84     0.319    0.0196      2.18         6       416     0.395     0.977     0.917     0.562      1.53      0.43    0.0258
     8/272     4.34G      1.69      0.36    0.0231      2.07         5       416     0.301     0.972     0.759     0.459      1.49      0.47    0.0204
     9/272     4.34G      1.51     0.405    0.0197      1.93         4       416     0.335     0.977     0.862     0.499      1.34     0.455    0.0196
    10/272     4.34G      1.45     0.418    0.0187      1.89         6       416     0.342     0.977     0.835     0.506      1.49     0.418    0.0171
    11/272     4.34G       1.4      0.41    0.0174      1.82         7       416     0.373     0.986      0.89     0.541      1.23     0.467    0.0187
    12/272     4.34G      1.29     0.433    0.0175      1.74         7       416     0.366     0.986      0.94     0.534      1.07     0.471    0.0168
    13/272     4.34G      1.26     0.432    0.0157      1.71         5       416     0.486     0.995      0.96     0.653     0.974     0.475    0.0161
    14/272     4.34G      1.21      0.44    0.0152      1.67         7       416     0.573     0.991      0.98     0.726     0.995     0.461    0.0157
    15/272     4.34G       1.2     0.418    0.0142      1.64         5       416     0.539     0.972     0.916     0.693       1.1     0.465    0.0148
    16/272     4.34G      1.18     0.419    0.0143      1.61         7       416      0.67     0.995     0.981     0.801     0.917     0.452    0.0141
    17/272     4.34G      1.14      0.43    0.0133      1.58         9       416     0.655     0.995      0.98      0.79     0.921     0.462    0.0139
    18/272     4.34G      1.11     0.424    0.0124      1.54         5       416     0.648     0.995      0.98     0.785     0.972     0.451    0.0127
    19/272     4.34G      1.09     0.423    0.0124      1.53         7       416     0.656     0.995     0.981     0.791     0.845     0.448    0.0123
    20/272     4.34G      1.06     0.408    0.0116      1.48         6       416      0.63     0.995     0.965     0.772      0.92     0.449    0.0113
    21/272     4.34G      1.05     0.421    0.0114      1.48         8       416     0.601     0.995     0.973      0.75       0.9     0.433    0.0114
    22/272     4.34G      1.05     0.428    0.0109      1.48         5       416     0.624     0.995     0.949     0.767     0.951     0.453    0.0107
    23/272     4.34G      1.02     0.419    0.0104      1.45         6       416     0.708     0.995     0.986     0.828     0.857     0.443    0.0106
    24/272     4.34G      1.01     0.405    0.0102      1.42         6       416     0.799     0.995      0.98     0.886     0.825     0.436    0.0108
    25/272     4.34G     0.995     0.414    0.0103      1.42         6       416     0.679     0.995     0.969     0.807     0.841     0.431    0.0105
    26/272     4.34G     0.989     0.412    0.0104      1.41         5       416     0.738     0.995     0.979     0.848     0.856     0.441    0.0106
    27/272     4.34G     0.983     0.416   0.00977      1.41         7       416     0.811     0.995     0.982     0.894     0.793     0.442    0.0102
    28/272     4.34G     0.957      0.41   0.00929      1.38         5       416      0.76     0.995     0.984     0.862     0.814     0.436   0.00963
    29/272     4.34G     0.956      0.41   0.00913      1.37         6       416      0.82     0.995     0.987     0.899     0.782     0.432   0.00961
    30/272     4.34G     0.945     0.411   0.00884      1.37         7       416      0.85     0.995     0.986     0.917     0.768     0.427   0.00873
    31/272     4.34G     0.924     0.409   0.00854      1.34         4       416     0.865     0.995     0.989     0.926      0.75     0.426   0.00877
    32/272     4.34G     0.926     0.406   0.00864      1.34         5       416     0.797     0.995     0.983     0.885     0.813     0.432   0.00894
    33/272     4.34G     0.909     0.403   0.00814      1.32         5       416     0.806     0.995     0.986     0.891      0.75     0.423   0.00811
    34/272     4.34G     0.891     0.405   0.00808       1.3         4       416     0.869     0.991     0.982     0.926     0.738     0.419   0.00812
    35/272     4.34G     0.884     0.399   0.00786      1.29         4       416     0.818     0.991     0.982     0.896     0.782     0.423   0.00824
    36/272     4.34G     0.888     0.394   0.00796      1.29         4       416     0.801     0.995     0.987     0.888     0.749     0.418   0.00812
    37/272     4.34G     0.882     0.393   0.00792      1.28         6       416     0.912     0.995      0.99     0.952     0.731     0.418    0.0083
    38/272     4.34G     0.887     0.406   0.00781       1.3         8       416     0.867     0.991     0.985     0.925     0.741      0.43   0.00775
    39/272     4.34G     0.862     0.393   0.00733      1.26         6       416     0.889     0.991     0.987     0.937      0.74     0.414   0.00746
    40/272     4.34G     0.864     0.393   0.00721      1.26         6       416     0.916     0.991     0.988     0.952      0.71     0.412   0.00759
    41/272     4.34G     0.869     0.393   0.00748      1.27         5       416     0.912     0.995     0.986     0.952     0.729     0.419   0.00777
    42/272     4.34G     0.851     0.394   0.00714      1.25         7       416     0.891     0.995      0.99      0.94     0.716      0.41   0.00743
    43/272     4.34G     0.837     0.388   0.00682      1.23         4       416     0.906     0.991      0.99     0.946     0.699     0.406   0.00713
    44/272     4.34G     0.835     0.386   0.00685      1.23         4       416     0.848     0.991     0.986     0.914     0.746     0.417   0.00737
    45/272     4.34G     0.833     0.393   0.00669      1.23         6       416     0.922     0.995     0.989     0.958     0.741     0.411   0.00724
    46/272     4.34G     0.845     0.393   0.00673      1.25         7       416     0.929     0.995     0.989     0.961     0.721     0.405   0.00676
    47/272     4.34G     0.827      0.39   0.00652      1.22         4       416     0.958     0.995      0.99     0.976     0.714      0.42   0.00686
    48/272     4.34G     0.829     0.396   0.00667      1.23         7       416     0.953     0.995     0.992     0.974     0.702     0.412   0.00709
    49/272     4.34G     0.837     0.394   0.00662      1.24         7       416     0.952     0.995      0.99     0.973     0.711     0.416   0.00688
    50/272     4.34G     0.807     0.393   0.00626      1.21         5       416     0.934     0.995      0.99     0.964     0.699     0.401   0.00651
    51/272     4.34G     0.796      0.38   0.00633      1.18         8       416     0.927     0.995      0.99      0.96     0.687       0.4   0.00646
    52/272     4.34G     0.822     0.379   0.00613      1.21         5       416     0.948     0.995     0.992     0.971     0.715     0.398    0.0064
    53/272     4.34G     0.815     0.374   0.00614      1.19         7       416     0.931     0.995     0.992     0.962     0.676     0.402   0.00634
    54/272     4.34G     0.788     0.377   0.00603      1.17         6       416     0.934     0.995      0.99     0.964     0.704     0.411   0.00648
    55/272     4.34G     0.797     0.381   0.00604      1.18         5       416      0.94     0.995      0.99     0.967     0.694     0.406   0.00653
    56/272     4.34G     0.787     0.372    0.0061      1.17         4       416     0.944     0.995      0.99     0.969     0.672     0.401   0.00589
    57/272     4.34G     0.791     0.385   0.00555      1.18         6       416     0.929     0.995     0.991     0.961     0.685      0.41    0.0059
    58/272     4.34G     0.802     0.375   0.00557      1.18         5       416     0.913     0.995      0.99     0.952     0.705     0.405   0.00607
    59/272     4.34G     0.778     0.382   0.00565      1.17         8       416     0.945     0.995      0.99     0.969     0.709     0.404   0.00599
    60/272     4.34G     0.786     0.374   0.00557      1.17         6       416     0.939     0.986     0.976     0.962     0.719     0.411   0.00568
    61/272     4.34G     0.784     0.377   0.00552      1.17         3       416     0.929     0.995     0.991     0.961     0.684      0.41   0.00566
    62/272     4.34G     0.775     0.389   0.00542      1.17         6       416     0.935     0.991      0.99     0.962     0.707     0.408    0.0055
    63/272     4.34G     0.774     0.373   0.00975      1.16         7       416     0.957     0.995     0.991     0.976     0.675     0.405    0.0058
    64/272     4.34G     0.765     0.379   0.00531      1.15         7       416     0.952     0.995     0.991     0.973     0.659     0.396   0.00581
    65/272     4.34G     0.776     0.375   0.00549      1.16         6       416     0.957     0.995     0.992     0.976      0.68     0.409   0.00575
    66/272     4.34G     0.757     0.377    0.0054      1.14         6       416     0.958     0.991     0.987     0.974     0.674     0.403   0.00587
    67/272     4.34G     0.766     0.382   0.00525      1.15         4       416     0.937     0.991      0.99     0.963     0.686     0.393   0.00528
    68/272     4.34G     0.768      0.38   0.00534      1.15         5       416      0.94     0.991     0.987     0.965     0.665     0.402   0.00584
    69/272     4.34G     0.753     0.365   0.00508      1.12         4       416     0.953     0.986     0.978     0.969     0.672     0.404   0.00558
    70/272     4.34G      0.75     0.363   0.00502      1.12         6       416     0.946     0.995      0.99      0.97     0.692     0.404   0.00539
    71/272     4.34G     0.751     0.369   0.00501      1.12         7       416     0.946     0.995     0.991      0.97     0.654     0.397   0.00522
    72/272     4.34G     0.739     0.365   0.00486      1.11         5       416     0.969     0.995     0.992     0.982     0.654     0.391   0.00517
    73/272     4.34G     0.754     0.372   0.00482      1.13         5       416     0.966     0.995     0.991      0.98     0.651      0.39   0.00534
    74/272     4.34G     0.738      0.37   0.00481      1.11         6       416     0.953     0.991      0.99     0.971     0.651     0.386   0.00507
    75/272     4.34G     0.741     0.368   0.00477      1.11         3       416     0.978     0.995     0.992     0.986     0.642     0.393   0.00513
    76/272     4.34G     0.723     0.364   0.00477      1.09         6       416     0.968     0.995     0.993     0.981      0.65     0.396   0.00525
    77/272     4.34G     0.734     0.363   0.00486       1.1         8       416     0.967     0.995     0.991     0.981     0.652     0.391    0.0049
    78/272     4.34G     0.733     0.365   0.00461       1.1         4       416     0.969     0.995     0.992     0.982     0.658     0.395   0.00473
    79/272     4.34G      0.73     0.362   0.00459       1.1         6       416     0.959     0.991     0.988     0.975     0.633     0.398   0.00496
    80/272     4.34G     0.726     0.362   0.00463      1.09         7       416     0.963     0.995     0.992     0.979     0.664     0.404   0.00485
    81/272     4.34G     0.714      0.36    0.0045      1.08         8       416     0.965     0.991     0.988     0.978     0.658     0.395   0.00486
    82/272     4.34G     0.714     0.359    0.0046      1.08         5       416     0.973     0.991     0.992     0.982     0.637     0.391   0.00493
    83/272     4.34G     0.704     0.358   0.00433      1.07         5       416     0.965     0.995     0.992      0.98     0.642     0.389   0.00461
    84/272     4.34G     0.711     0.368   0.00425      1.08         6       416     0.973     0.991     0.991     0.982     0.649     0.389   0.00443
    85/272     4.34G     0.711     0.356   0.00424      1.07         6       416     0.966     0.991     0.991     0.978     0.637     0.394   0.00462
    86/272     4.34G     0.696     0.361   0.00422      1.06         5       416     0.973     0.995     0.993     0.984     0.638     0.385   0.00456
    87/272     4.34G     0.711     0.354   0.00443      1.07         4       416     0.936     0.995     0.992     0.965     0.648     0.386   0.00485
    88/272     4.34G     0.709     0.369   0.00443      1.08         6       416     0.972     0.995     0.994     0.983     0.634     0.383   0.00474
    89/272     4.34G     0.707     0.359   0.00432      1.07         9       416     0.975         1     0.995     0.987     0.647     0.387   0.00471
    90/272     4.34G     0.697     0.362   0.00414      1.06         7       416     0.956     0.995     0.994     0.975     0.636     0.391   0.00453
    91/272     4.34G     0.701      0.36   0.00424      1.07         5       416     0.969     0.995     0.992     0.982     0.648      0.39   0.00459
    92/272     4.34G     0.696     0.354   0.00422      1.05         7       416     0.975     0.995     0.993     0.985     0.637     0.387   0.00451
    93/272     4.34G     0.688     0.353    0.0042      1.04         6       416     0.968     0.995     0.992     0.981     0.644     0.392   0.00444
    94/272     4.34G     0.685     0.353   0.00411      1.04         5       416     0.978     0.995     0.992     0.987     0.637     0.384   0.00443
    95/272     4.34G      0.69     0.358   0.00407      1.05         6       416     0.977     0.995     0.992     0.986      0.65     0.385   0.00441
    96/272     4.34G     0.686     0.356   0.00395      1.05         7       416     0.978     0.991     0.991     0.984     0.642     0.389    0.0042
    97/272     4.34G     0.687     0.349   0.00397      1.04         5       416     0.979     0.995     0.994     0.987     0.644     0.393   0.00422
    98/272     4.34G     0.681     0.349    0.0039      1.03         6       416     0.978     0.995     0.994     0.986      0.65     0.395   0.00421
    99/272     4.34G      0.69     0.347   0.00403      1.04         8       416     0.981     0.991     0.992     0.986     0.631     0.391   0.00436
   100/272     4.34G     0.675     0.346   0.00391      1.02         5       416     0.979         1     0.995     0.989     0.625     0.387   0.00435
   101/272     4.34G     0.674     0.352    0.0038      1.03         4       416     0.973     0.991     0.988     0.982     0.648     0.394   0.00431
   102/272     4.34G     0.682     0.354   0.00386      1.04         6       416     0.978     0.995     0.991     0.987     0.646     0.382   0.00417
   103/272     4.34G     0.662     0.355   0.00379      1.02         5       416     0.973     0.991     0.989     0.982     0.641     0.383   0.00414
   104/272     4.34G     0.668     0.354   0.00379      1.03         6       416     0.982     0.995     0.991     0.989     0.652     0.394   0.00415
   105/272     4.34G     0.665     0.355   0.00565      1.03         6       416     0.972     0.995     0.992     0.983     0.623      0.39   0.00423
   106/272     4.34G     0.677     0.349   0.00375      1.03        10       416     0.978     0.991     0.992     0.984     0.656     0.407   0.00418
   107/272     4.34G     0.655     0.345   0.00384         1         6       416     0.987     0.995     0.992     0.991     0.623     0.387   0.00412
   108/272     4.34G     0.651     0.342   0.00358     0.997         7       416     0.987     0.995     0.992     0.991     0.643      0.39   0.00403
   109/272     4.34G     0.648     0.345   0.00355     0.996         6       416     0.978     0.995     0.992     0.987     0.624     0.387   0.00403
   110/272     4.34G      0.66     0.347   0.00351      1.01         6       416     0.987     0.995     0.992     0.991     0.668     0.399   0.00393
   111/272     4.34G     0.652      0.35   0.00354      1.01         6       416     0.973     0.991     0.989     0.982     0.627     0.386   0.00392
   112/272     4.34G     0.646     0.348   0.00344     0.997         5       416     0.983     0.995     0.993     0.989     0.628     0.384   0.00374
   113/272     4.34G     0.642     0.337    0.0036     0.982         8       416     0.991         1     0.995     0.996     0.631     0.382   0.00382
   114/272     4.34G     0.649      0.34   0.00358     0.993         5       416     0.987         1     0.995     0.993     0.618     0.385   0.00389
   115/272     4.34G     0.657     0.348   0.00352      1.01         6       416     0.978     0.991      0.99     0.984     0.639     0.393   0.00388
   116/272     4.34G     0.648      0.34    0.0034     0.992         7       416     0.973     0.991      0.99     0.982      0.64     0.386   0.00383
   117/272     4.34G     0.646     0.347   0.00349     0.997         9       416     0.978     0.991     0.993     0.984     0.622     0.378   0.00378
   118/272     4.34G      0.64     0.343   0.00334     0.986         7       416     0.982     0.991     0.992     0.987     0.629     0.385   0.00356
   119/272     4.34G     0.635     0.344   0.00336     0.983         6       416     0.987     0.995     0.993     0.991     0.626     0.382   0.00359
   120/272     4.34G     0.643     0.337   0.00334     0.983         4       416     0.987     0.995     0.992     0.991     0.627     0.378   0.00357
   121/272     4.34G     0.629     0.332   0.00325     0.964         5       416     0.982     0.995     0.993     0.989     0.619     0.378    0.0036
   122/272     4.34G     0.632     0.346   0.00325     0.981         4       416     0.987     0.995     0.994     0.991     0.617     0.379   0.00356
   123/272     4.34G     0.637     0.335   0.00325     0.975         5       416     0.992         1     0.995     0.996     0.627     0.387   0.00356
   124/272     4.34G     0.607     0.331   0.00316     0.941         7       416     0.987     0.995     0.992     0.991     0.625     0.377   0.00334
   125/272     4.34G      0.62     0.337   0.00311      0.96         5       416     0.991         1     0.995     0.996     0.614     0.382   0.00342
   126/272     4.34G      0.63     0.332   0.00313     0.965         4       416     0.987     0.995     0.992     0.991     0.627     0.381   0.00344
   127/272     4.34G     0.626     0.328   0.00331     0.958         6       416     0.987     0.995     0.993     0.991     0.624     0.385   0.00331
   128/272     4.34G     0.619     0.329   0.00303     0.951         6       416     0.973     0.991     0.991     0.982     0.625     0.385   0.00339
   129/272     4.34G     0.617     0.331   0.00306     0.951         5       416     0.982     0.995     0.993     0.989     0.626     0.386   0.00341
   130/272     4.34G     0.629     0.334   0.00306     0.966         8       416     0.987     0.995     0.994     0.991      0.61     0.381   0.00337
   131/272     4.34G     0.606     0.327   0.00297     0.936         4       416     0.982     0.995     0.994     0.989     0.623      0.39   0.00332
   132/272     4.34G     0.609     0.337   0.00296     0.949         4       416     0.987     0.995     0.994     0.991     0.621     0.379   0.00329
   133/272     4.34G     0.616     0.331   0.00302      0.95         5       416     0.987     0.995     0.994     0.991     0.609     0.375    0.0033
   134/272     4.34G      0.61     0.331   0.00296     0.944         7       416     0.982     0.995     0.994     0.989     0.609     0.371   0.00312
   135/272     4.34G     0.615     0.334   0.00295     0.952         5       416     0.987         1     0.995     0.993     0.618     0.373   0.00319
   136/272     4.34G     0.602     0.326   0.00283     0.931         7       416     0.987     0.995     0.994     0.991     0.609     0.376   0.00307
   137/272     4.34G     0.599      0.32   0.00279     0.923         6       416     0.987         1     0.995     0.994     0.618     0.378   0.00305
   138/272     4.34G     0.594      0.32   0.00278     0.916         7       416     0.992         1     0.995     0.996     0.616     0.377   0.00302
   139/272     4.34G     0.604     0.328   0.00282     0.935         6       416     0.991         1     0.995     0.996     0.614     0.381   0.00311
   140/272     4.34G     0.598     0.324   0.00282     0.925         8       416     0.992         1     0.995     0.996     0.615      0.38   0.00304
   141/272     4.34G     0.597     0.328   0.00276     0.927         7       416     0.992         1     0.995     0.996     0.592     0.374   0.00301
   142/272     4.34G     0.596     0.321   0.00275      0.92         7       416     0.987     0.995     0.994     0.991     0.609      0.38   0.00307
   143/272     4.34G     0.587     0.328   0.00286     0.918         6       416     0.987     0.995     0.994     0.991     0.601     0.386   0.00309
   144/272     4.34G     0.582     0.324   0.00268     0.909         5       416     0.989         1     0.995     0.994     0.613     0.387     0.003
   145/272     4.34G     0.597     0.324   0.00271     0.924         6       416     0.991         1     0.995     0.996      0.61     0.381   0.00301
   146/272     4.34G     0.587     0.317   0.00268     0.907         6       416     0.991         1     0.995     0.996     0.614     0.388   0.00298
   147/272     4.34G     0.579     0.322   0.00262     0.904         7       416     0.987         1     0.995     0.993     0.609     0.379   0.00277
   148/272     4.34G     0.585     0.326   0.00255     0.914         6       416     0.992         1     0.995     0.996      0.61     0.389   0.00282
   149/272     4.34G     0.586     0.318   0.00258     0.906         5       416     0.992         1     0.995     0.996     0.608      0.38   0.00289
   150/272     4.34G     0.589     0.313   0.00259     0.905         5       416     0.992         1     0.995     0.996     0.604     0.375   0.00284
   151/272     4.34G     0.573     0.314   0.00257      0.89         4       416     0.991         1     0.995     0.996      0.62     0.386   0.00283
   152/272     4.34G     0.575     0.319   0.00254     0.896         8       416     0.992         1     0.995     0.996     0.601      0.38   0.00276
   153/272     4.34G     0.571     0.315   0.00247     0.889         5       416     0.987     0.995     0.994     0.991     0.598     0.372   0.00271
   154/272     4.34G     0.569     0.315   0.00244     0.886         5       416     0.992         1     0.995     0.996     0.601     0.376   0.00278
   155/272     4.34G      0.57     0.307   0.00242      0.88         4       416     0.987         1     0.995     0.994     0.619     0.381   0.00261
   156/272     4.34G     0.566      0.32   0.00239     0.889         6       416     0.987         1     0.995     0.994     0.611     0.385   0.00266
   157/272     4.34G     0.569     0.313   0.00242     0.885         4       416     0.987         1     0.995     0.993     0.605     0.377   0.00269
   158/272     4.34G     0.566      0.31   0.00241     0.879         8       416     0.987         1     0.995     0.994     0.597     0.371   0.00268
   159/272     4.34G     0.555     0.309   0.00232     0.867         6       416     0.988         1     0.995     0.994     0.601     0.377   0.00261
   160/272     4.34G     0.553     0.308   0.00235     0.864         7       416     0.987         1     0.995     0.994     0.606      0.38   0.00263
   161/272     4.34G     0.557     0.313   0.00237     0.872         6       416     0.987         1     0.995     0.994     0.607     0.384    0.0026
   162/272     4.34G     0.562     0.304   0.00226     0.868         5       416     0.987         1     0.995     0.994     0.605     0.388   0.00261
   163/272     4.34G     0.552     0.314   0.00233     0.868         8       416     0.992         1     0.995     0.996     0.611     0.385   0.00259
   164/272     4.34G     0.557     0.303   0.00223     0.863         6       416     0.992         1     0.995     0.996      0.61     0.381    0.0025
   165/272     4.34G     0.549     0.312   0.00233     0.863         6       416     0.987         1     0.995     0.993     0.609     0.381   0.00251
   166/272     4.34G     0.555     0.308   0.00222     0.866         8       416     0.992         1     0.995     0.996      0.61     0.382    0.0025
   167/272     4.34G     0.543     0.301   0.00218     0.846         7       416     0.992         1     0.995     0.996     0.606     0.378   0.00245
   168/272     4.34G     0.551     0.299   0.00218     0.853         6       416     0.992         1     0.995     0.996      0.61     0.383   0.00247
   169/272     4.34G     0.543     0.302   0.00218     0.847         6       416     0.979         1     0.995     0.989      0.61     0.382   0.00243
   170/272     4.34G     0.542     0.301   0.00218     0.846         6       416     0.992         1     0.995     0.996     0.605     0.383   0.00247
   171/272     4.34G     0.548     0.303   0.00221     0.853         6       416     0.987     0.995     0.994     0.991      0.61     0.383   0.00246
   172/272     4.34G     0.547     0.296   0.00212     0.845         6       416     0.992         1     0.995     0.996     0.608     0.383   0.00243
   173/272     4.34G     0.543     0.302   0.00213     0.847         6       416     0.992         1     0.995     0.996     0.608     0.385   0.00245
   174/272     4.34G      0.54     0.304    0.0021     0.846         5       416     0.987     0.995     0.994     0.991     0.604     0.385   0.00246
   175/272     4.34G     0.536     0.303   0.00209     0.841         4       416     0.987         1     0.995     0.993       0.6     0.381   0.00236
   176/272     4.34G     0.537     0.299   0.00206     0.839         6       416     0.992         1     0.995     0.996     0.605     0.382   0.00235
   177/272     4.34G     0.542     0.301   0.00206     0.845         7       416     0.992         1     0.995     0.996     0.609     0.382   0.00235
   178/272     4.34G     0.532     0.294   0.00207     0.828         5       416     0.992         1     0.995     0.996     0.604     0.376   0.00227
   179/272     4.34G      0.53     0.294   0.00204     0.826         5       416      0.99         1     0.995     0.995     0.608     0.385   0.00228
   180/272     4.66G     0.794     0.367   0.00275      1.16         8       416     0.811         1      0.99     0.895     0.913     0.435   0.00334
   181/272     4.67G     0.591     0.317   0.00283     0.912         6       416     0.987         1     0.995     0.994     0.629     0.382   0.00296
   182/272     4.67G     0.536     0.307   0.00264     0.846         6       416     0.987         1     0.995     0.993     0.615     0.387   0.00277
   183/272     4.67G     0.537     0.305   0.00253     0.844         7       416     0.992         1     0.995     0.996     0.607     0.385   0.00279
   184/272     4.67G     0.535     0.293   0.00246      0.83         5       416     0.992         1     0.995     0.996     0.606     0.389   0.00281
   185/272     4.67G     0.528     0.299   0.00246     0.829         5       416     0.988         1     0.995     0.994     0.625     0.388   0.00255
   186/272     4.67G     0.516     0.297    0.0024     0.815         6       416     0.992         1     0.995     0.996     0.609     0.392   0.00265
   187/272     4.67G     0.524     0.294   0.00234      0.82         6       416     0.993         1     0.995     0.997     0.608     0.382   0.00256
   188/272     4.67G     0.525     0.286   0.00229     0.813         5       416     0.993         1     0.995     0.997     0.612     0.383   0.00249
   189/272     4.67G     0.514     0.291    0.0022     0.807         4       416      0.99         1     0.995     0.995     0.611     0.385   0.00256
   190/272     4.67G     0.517     0.291   0.00222      0.81         6       416     0.987         1     0.995     0.994     0.612     0.391   0.00244
   191/272     4.67G     0.514     0.285    0.0022     0.801         7       416     0.992         1     0.995     0.996      0.62     0.388   0.00241
   192/272     4.67G     0.509     0.296   0.00214     0.807         7       416     0.993         1     0.995     0.996     0.619     0.387    0.0024
   193/272     4.67G     0.507     0.289   0.00213     0.799         5       416     0.992         1     0.995     0.996     0.605     0.382   0.00235
   194/272     4.67G     0.503     0.294    0.0021     0.799         7       416     0.992         1     0.995     0.996     0.598     0.368   0.00227
   195/272     4.67G     0.513     0.284   0.00207     0.799         5       416     0.992         1     0.995     0.996      0.61     0.382   0.00229
   196/272     4.67G     0.508     0.287   0.00204     0.797         7       416     0.992         1     0.995     0.996     0.605      0.38   0.00228
   197/272     4.67G     0.502     0.287   0.00206     0.791         9       416     0.992         1     0.995     0.996     0.615     0.386   0.00227
   198/272     4.67G     0.514     0.284   0.00202       0.8         5       416     0.992         1     0.995     0.996     0.614     0.383   0.00228
   199/272     4.67G     0.503     0.285   0.00201      0.79         7       416     0.993         1     0.995     0.996     0.603     0.373   0.00215
   200/272     4.67G       0.5     0.273   0.00199     0.774         6       416     0.993         1     0.995     0.996     0.618     0.381   0.00228
   201/272     4.67G     0.507     0.285   0.00198     0.794         8       416     0.992         1     0.995     0.996     0.598      0.38   0.00229
   202/272     4.67G     0.502     0.292   0.00199     0.796         5       416     0.993         1     0.995     0.996     0.595     0.378   0.00223
   203/272     4.67G     0.502     0.285   0.00196      0.79         6       416     0.992         1     0.995     0.996     0.616     0.388    0.0022
   204/272     4.67G     0.496     0.274    0.0019     0.772         6       416     0.993         1     0.995     0.996     0.609     0.388   0.00226
   205/272     4.67G     0.495     0.281   0.00193     0.778         6       416     0.992         1     0.995     0.996     0.593      0.38   0.00213
   206/272     4.67G     0.493     0.277   0.00192     0.771         5       416     0.994         1     0.995     0.997     0.609     0.392   0.00212
   207/272     4.67G     0.494     0.282   0.00191     0.778         7       416      0.99         1     0.995     0.995     0.613     0.396   0.00215
   208/272     4.66G     0.825     0.359   0.00272      1.19         8       416     0.965         1     0.994     0.982     0.798     0.421   0.00345
   209/272     4.67G     0.566     0.308   0.00283     0.878         6       416     0.986         1     0.995     0.993     0.627     0.384   0.00287
   210/272     4.67G     0.496     0.283   0.00252     0.781         6       416     0.992         1     0.995     0.996      0.61     0.391   0.00277
   211/272     4.67G     0.487     0.279    0.0024     0.769         7       416     0.988         1     0.995     0.994      0.62     0.396   0.00269
   212/272     4.67G     0.476     0.265   0.00233     0.744         5       416     0.988         1     0.995     0.994      0.62       0.4   0.00262
   213/272     4.67G     0.471     0.269   0.00232     0.742         5       416     0.988         1     0.995     0.994     0.609     0.396   0.00247
   214/272     4.67G     0.459     0.267   0.00228     0.728         6       416     0.988         1     0.995     0.994     0.602     0.394   0.00253
   215/272     4.67G     0.465     0.261   0.00219     0.728         6       416     0.988         1     0.995     0.994     0.604     0.395   0.00243
   216/272     4.67G     0.463     0.256   0.00218     0.721         5       416     0.989         1     0.995     0.994     0.609     0.397   0.00243
   217/272     4.67G     0.457     0.261   0.00212      0.72         4       416     0.988         1     0.995     0.994     0.606     0.396   0.00246
   218/272     4.67G     0.459      0.26   0.00214     0.722         6       416     0.987         1     0.995     0.994     0.603     0.398   0.00237
   219/272     4.67G     0.457     0.255   0.00212     0.714         7       416     0.988         1     0.995     0.994     0.609     0.398   0.00238
   220/272     4.67G      0.45     0.263   0.00207     0.716         7       416     0.992         1     0.995     0.996      0.61     0.397    0.0023
   221/272     4.67G      0.45     0.257   0.00205     0.709         5       416     0.992         1     0.995     0.996     0.619     0.402   0.00232
   222/272     4.67G     0.447     0.263   0.00203     0.712         7       416     0.992         1     0.995     0.996     0.599      0.39   0.00227
   223/272     4.67G     0.456     0.256   0.00202     0.715         5       416     0.992         1     0.995     0.996       0.6      0.39   0.00223
   224/272     4.67G     0.448     0.255     0.002     0.705         7       416     0.992         1     0.995     0.996     0.602     0.393   0.00226
   225/272     4.67G      0.45     0.259   0.00199     0.711         9       416     0.992         1     0.995     0.996     0.603     0.396   0.00226
   226/272     4.67G     0.458     0.256   0.00197     0.715         5       416     0.992         1     0.995     0.996     0.605     0.396   0.00225
   227/272     4.67G     0.447     0.253   0.00197     0.702         7       416     0.992         1     0.995     0.996      0.61     0.395   0.00217
   228/272     4.67G     0.446     0.245   0.00194     0.693         6       416     0.993         1     0.995     0.996     0.605     0.392   0.00229
   229/272     4.67G     0.454     0.259   0.00196     0.715         8       416     0.993         1     0.995     0.996     0.602     0.393   0.00225
   230/272     4.67G     0.452     0.262   0.00195     0.716         5       416     0.992         1     0.995     0.996     0.603     0.393   0.00223
   231/272     4.67G      0.45     0.257   0.00193     0.709         6       416     0.992         1     0.995     0.996     0.609     0.399   0.00221
   232/272     4.67G     0.444     0.247    0.0019     0.692         6       416     0.992         1     0.995     0.996     0.601     0.397   0.00227
   233/272     4.67G     0.444     0.253   0.00192     0.699         6       416     0.992         1     0.995     0.996     0.589      0.39   0.00219
   234/272     4.67G     0.435     0.245    0.0019     0.682         5       416     0.992         1     0.995     0.996     0.607     0.405   0.00215
   235/272     4.67G     0.411     0.233   0.00184     0.646         7       416     0.992         1     0.995     0.996     0.619     0.416   0.00223
   236/272     4.67G     0.474     0.267   0.00188     0.743         5       416     0.992         1     0.995     0.996     0.594     0.398    0.0022
   237/272     4.67G     0.472     0.272   0.00194     0.745         6       416     0.992         1     0.995     0.996     0.596     0.392   0.00218
   238/272     4.67G     0.484     0.272   0.00191     0.757         7       416     0.992         1     0.995     0.996     0.594     0.392   0.00221
   239/272     4.67G     0.462     0.268   0.00189     0.731         4       416     0.992         1     0.995     0.996     0.596     0.391   0.00216
   240/272     4.67G     0.467      0.27   0.00207     0.739         5       416     0.992         1     0.995     0.996     0.593     0.388   0.00213
   241/272     4.67G     0.472     0.269   0.00187     0.743         5       416     0.992         1     0.995     0.996     0.599     0.388   0.00214
   242/272     4.67G     0.461     0.267   0.00186     0.729         4       416     0.992         1     0.995     0.996     0.597     0.393   0.00217
   243/272     4.67G     0.466     0.267   0.00185     0.735         4       416     0.992         1     0.995     0.996     0.593      0.39   0.00208
   244/272     4.67G     0.463      0.26   0.00188     0.725         4       416     0.992         1     0.995     0.996     0.596     0.389   0.00211
   245/272     4.67G     0.465      0.26   0.00188     0.727         6       416     0.992         1     0.995     0.996     0.602     0.396   0.00207
   246/272     4.67G     0.466     0.272    0.0019      0.74         8       416     0.991         1     0.995     0.996       0.6      0.39   0.00214
   247/272     4.67G     0.469     0.265   0.00185     0.736         6       416     0.992         1     0.995     0.996     0.602     0.392    0.0021
   248/272     4.67G     0.448     0.259   0.00182     0.709         6       416     0.992         1     0.995     0.996     0.596     0.389   0.00209
   249/272     4.67G     0.465      0.26   0.00182     0.728         5       416     0.992         1     0.995     0.996     0.596     0.389   0.00211
   250/272     4.67G      0.46     0.259   0.00185     0.721         7       416     0.992         1     0.995     0.996     0.597     0.387   0.00209
   251/272     4.67G     0.461     0.263   0.00181     0.726         4       416     0.992         1     0.995     0.996     0.602     0.392    0.0021
   252/272     4.67G     0.455     0.257   0.00181     0.714         4       416     0.992         1     0.995     0.996     0.598     0.395   0.00203
   253/272     4.67G     0.456     0.262   0.00178      0.72         6       416     0.992         1     0.995     0.996     0.604     0.396   0.00205
   254/272     4.67G     0.465     0.264   0.00179     0.732         7       416     0.992         1     0.995     0.996      0.59     0.388   0.00204
   255/272     4.67G     0.449     0.263   0.00179     0.713         4       416     0.992         1     0.995     0.996     0.593     0.391   0.00205
   256/272     4.67G     0.455     0.268   0.00179     0.724         7       416     0.992         1     0.995     0.996     0.589      0.39   0.00208
   257/272     4.67G     0.466     0.268    0.0018     0.736         7       416     0.992         1     0.995     0.996       0.6     0.396   0.00205
   258/272     4.67G     0.462     0.268    0.0018     0.732         5       416     0.992         1     0.995     0.996     0.599     0.396   0.00207
   259/272     4.67G     0.461      0.26   0.00176     0.723         8       416     0.992         1     0.995     0.996     0.592      0.39    0.0021
   260/272     4.67G     0.455     0.259   0.00177     0.716         5       416     0.992         1     0.995     0.996     0.595     0.393   0.00197
   261/272     4.67G     0.451     0.249   0.00175     0.702         7       416     0.992         1     0.995     0.996     0.596     0.391   0.00201
   262/272     4.67G     0.456     0.255   0.00175     0.713         6       416     0.992         1     0.995     0.996      0.59      0.39   0.00202
   263/272     4.67G     0.455     0.262   0.00175     0.719         5       416     0.992         1     0.995     0.996     0.595     0.392   0.00202
   264/272     4.67G     0.456     0.254   0.00175     0.711         4       416     0.992         1     0.995     0.996     0.594     0.391   0.00202
   265/272     4.67G     0.454      0.26   0.00172     0.715         6       416     0.992         1     0.995     0.996     0.588     0.392   0.00197
   266/272     4.67G     0.455     0.253   0.00173      0.71         5       416     0.992         1     0.995     0.996     0.599     0.396   0.00196
   267/272     4.67G     0.448     0.262   0.00174     0.712         8       416     0.992         1     0.995     0.996     0.592     0.391   0.00197
   268/272     4.67G     0.456     0.255   0.00174     0.713         6       416     0.992         1     0.995     0.996     0.594     0.392   0.00193
   269/272     4.67G     0.452     0.255   0.00171      0.71         3       416     0.992         1     0.995     0.996     0.593     0.395   0.00198
   270/272     4.67G      0.44      0.26   0.00171     0.702         6       416     0.992         1     0.995     0.996     0.594     0.397   0.00198
   271/272     4.67G     0.446     0.254   0.00171     0.702         7       416     0.992         1     0.995     0.996     0.592     0.393   0.00199
   272/272     4.67G     0.449     0.261   0.00175     0.712         7       416     0.992         1     0.995     0.996     0.599     0.395   0.00194
